11 11 11
11 11 11
11 11 11
11 11 11
10 11 11
00 11 11
10 11 11
00 11 11
10 11 11
00 11 11
10 11 11
00 11 11
10 11 11
00 11 11
10 11 11
00 11 11
10 11 11
00 11 11
10 11 11
00 11 11
10 11 11
00 11 11
10 11 11
00 11 11
10 11 11
00 11 11
10 11 11
00 11 11
10 11 11
00 11 11
10 11 11
00 11 11
10 11 11
00 11 11
10 11 11
00 11 11
10 11 11
00 11 11
10 11 11
00 11 11
10 11 11
00 11 11
10 11 11
00 11 11
10 11 11
00 11 11
10 11 11
00 11 11
10 11 11
00 11 11
10 11 11
00 11 11
10 11 11
00 11 11
10 11 11
00 11 11
10 11 11
00 11 11
10 11 11
00 11 11
10 11 11
00 11 11
10 11 11
00 11 11
10 11 11
